size(700,1000)
fill(255,208,160)
rect(250,150,150,150)
fill(255,255,255)
rect(330,205,40,20)
rect(270,205,40,20)
fill(0,0,255)
rect(290,213,10,10)
fill(254,117,114)
rect(335,213,10,10)
strokeWeight(5)
line(270,200,310,200)
line(330,200,370,200)
line(330,270,310,270)
fill(92,41,37)
noStroke()
rect(250,150,150,30)
rect(250,170,20,30)
rect(290,170,20,25)
rect(375,170,25,45)
rect(350,170,25,25)
rect(250,145,25,25)
strokeWeight(5)
fill(255,208,160)
stroke(0)
rect(290,300,60,50)
fill(0,0,255)
rect(230,340,180,300)
fill(0,0,0)
rect(275,350,100,60)
fill(100)
noStroke()
rect(285,340,15,15)
fill(255,208,160)
rect(300,340,50,15)
fill(100)
rect(345,340,15,15)
fill(116,251,253)
rect(295,370,60,20) 
fill(0,0,0)
rect(295,400,50,100)
fill(100)
rect(345,410,20,90)
rect(285,410,20,90)
fill(192,192,192)
rect(305,500,40,138)
fill(100)
rect(270,348,18,65)
rect(360,348,18,65)
fill(0,12,123)
rect(228,640,80,305)
rect(333,640,80,305)
fill(0,0,0)
rect(333,945,80,50)
rect(228,945,80,50)
fill(0,0,255)
push()
translate(192,340)
rotate(radians(30))
rect(0,0,50,300)
pop()
rect(410,338,50,300)
rect(192,340,40,40)
fill(0,0,0)
rect(410,610,50,40)
fill(255,224,32)
rect(30,610,80,20)
fill(0,0,0)
rect(40,600,60,40)
fill(0,100,255)
rect(100,610,300,30)
fill(255,224,32)
rect(100,595,20,60)
fill(0,100,255)
push()
translate(400,610)
rotate(radians(39))
rect(0,0,20,20)
pop()
fill(100)
rect(150,300,100,40)
rect(400,300,100,40)

